-0.791073 1.236363 3.874665
0.337578 0.537554 3.210439
0.717335 1.735699 3.945835
-0.160434 0.106213 4.090120
-0.098100 1.103931 4.882852
1.000482 0.650205 4.120826
0.892404 0.775779 4.226950
0.862152 0.905996 4.411868
0.873175 0.880940 4.602751
-0.619125 0.349731 3.230268
0.239564 -0.066765 4.283367
-0.759934 1.556912 3.280011
-0.215420 0.385380 3.195604
-0.287021 1.866430 4.356293
-0.996408 1.606175 3.997256
0.246561 1.323107 5.078810
0.865455 0.937490 3.419612
0.025855 0.489680 4.884931
0.811014 1.107776 3.259902
-0.534287 1.252982 3.147640
0.352702 1.913716 3.717730
0.540960 0.322881 3.556172
0.298500 2.136340 4.133016
-0.108292 0.337153 4.700735
-0.276528 1.519844 3.354702
-0.080106 2.112539 3.643278
-0.900463 1.350801 4.401976
0.745382 0.712042 4.085335
0.232304 1.961497 3.625937
-0.559643 0.608182 4.760982
0.430124 0.305751 3.555431
0.100573 1.705485 3.296583
0.273747 1.871447 3.485570
0.770511 0.877321 4.712061
0.215491 0.118578 4.665465
-0.723373 0.891791 4.718643
0.482338 1.113629 3.352763
-0.647337 1.581443 3.941007
0.046406 1.807197 4.795029
-0.893643 0.463700 4.063218
-0.989956 0.653641 4.345926
0.489388 1.300240 4.817471
0.270869 0.879378 2.974216
-0.121851 1.346958 4.715363
0.262357 1.195723 3.027309
-0.243981 1.793990 4.387612
0.066253 0.704801 5.021314
-0.258123 -0.088689 4.078132
-0.359618 0.871411 3.146110
0.271799 1.448793 4.947658
-0.163602 0.307608 3.628566
0.418934 1.508095 4.825892
0.256588 0.816082 2.992919
-0.040495 1.714846 4.648305
0.982539 1.136636 4.064472
0.100520 0.831059 4.719181
0.955209 1.448159 3.865353
-0.500479 1.723601 4.989926
0.381084 0.915801 4.695804
0.538122 1.643556 4.678839
0.243282 -0.012530 3.778017
-0.723760 1.622584 4.200065
0.257385 0.067738 4.343402
0.361214 0.979825 3.040828
0.615329 0.475104 3.342007
-0.228711 1.644281 4.429145
-0.328188 1.482046 3.211151
1.073701 1.107258 4.060300
0.642400 1.551793 3.484314
0.385296 0.244707 4.000440
-0.343611 0.703945 4.899187
-0.756078 1.660405 3.491600
-0.215265 1.000038 3.029054
-0.314868 2.034045 3.892858
0.176380 0.835810 5.031066
1.175635 0.565495 3.988873
-0.625292 0.282001 4.395318
-0.422088 0.335807 4.530422
0.552828 0.774980 3.209133
-0.192149 1.644831 3.583248
1.016178 0.740417 3.658381
0.074637 2.141150 4.054088
-1.100475 1.154942 3.976684
-0.997755 1.257420 4.202965
-0.682092 0.457175 4.023312
-0.144942 1.217545 4.739776
-0.781693 0.680099 4.901331
-0.421590 0.018635 4.414242
-0.372696 0.689166 3.082455
-0.021774 1.506718 4.863263
0.255381 1.898944 4.434700
0.241657 1.305577 5.050846
0.310667 1.574722 4.782386
-0.239131 0.199336 4.113282
-1.068852 1.055574 4.296153
0.116657 1.937884 3.799692
-0.978803 1.050320 4.216037
0.715664 1.589389 4.157448
0.955194 1.372171 4.267199
0.672441 0.818363 4.683710
-0.036906 -2.001663 6.051992
-1.553164 -1.668284 2.919148
1.977845 -2.382380 4.847352
-1.242969 -3.611372 4.178489
-1.847062 -1.942082 4.123174
-0.579568 -3.538321 4.469336
-1.202967 -3.312010 3.046723
0.956964 -0.299838 3.375821
1.329760 -3.490976 4.377560
0.682621 -3.876507 4.266673
-0.299056 -3.693157 5.072140
-1.863771 -2.240281 3.449818
0.327716 -3.926280 3.244640
0.770219 -3.813561 3.390172
-1.572525 -2.062880 2.878630
-1.112349 -0.177063 3.766486
-1.870429 -1.820879 3.517927
-1.729345 -1.198170 4.454473
1.290021 -2.849403 5.008715
1.651178 -2.772512 4.795398
-0.299123 -0.073032 3.860179
0.319593 -0.217907 3.713836
0.673941 -0.127093 3.701691
0.591882 -3.923899 3.876718
0.013970 -0.174319 3.179676
-1.404260 -2.610802 5.311286
-1.835761 -2.962564 4.286571
1.130247 -1.063096 5.227202
1.005250 -0.541964 4.884632
1.776923 -2.604697 3.572991
-1.461203 -2.729860 5.063618
-0.965468 -2.300841 2.266036
-1.565627 -3.321174 4.472125
1.206522 -2.810319 5.293325
0.886391 -3.358500 3.071808
-1.749249 -1.801013 2.965910
1.127334 -3.420350 3.433742
-0.118314 -3.666015 4.984735
1.315344 -1.443859 2.461312
0.117154 -0.275094 4.654742
-1.869891 -2.939075 4.471469
1.772095 -1.262104 3.324117
-1.461164 -3.227331 3.694902
-1.357855 -1.739713 2.496619
0.912346 -1.794851 5.786609
0.064362 -3.399185 2.649251
1.593087 -2.559814 5.064605
0.605861 -0.611497 5.254060
0.481718 -3.631440 4.694479
1.280473 -1.261573 4.899159
-2.088498 -2.294026 4.058220
0.544549 -3.930177 4.279879
-0.463047 -0.181967 3.235314
0.383007 -1.658363 6.012343
-0.674540 -1.543842 5.815249
-0.516377 -0.634065 5.417420
1.573669 -1.574759 2.991462
-1.160388 -2.983672 2.701944
-1.432640 -1.450073 2.830694
1.651260 -1.068755 3.189128
0.388359 0.002237 3.669160
-1.493091 -2.515793 2.657878
-0.208968 -3.434130 5.443302
-2.093948 -1.899527 3.939647
-1.732865 -1.352675 3.348069
1.064182 -1.461359 5.372543
-0.255643 -0.897208 2.303301
-0.739087 -3.690244 4.328527
0.785857 -2.919159 5.634597
-0.571924 -0.220322 3.486979
-1.076182 -2.189581 5.746252
0.176666 -2.561990 5.912665
-0.695245 -0.219481 3.428183
-0.411421 -0.660818 2.531565
-0.351575 -0.167276 3.003042
-0.117998 -1.202756 5.844621
-1.971672 -2.074839 4.604424
-2.029463 -1.621892 3.828521
-0.219740 -3.103617 2.074127
-1.363268 -2.911253 5.352263
1.555377 -1.768429 5.274777
0.643680 -1.943085 2.088571
-1.789960 -1.970312 3.350819
1.293755 -1.022174 5.073282
1.511143 -1.558999 5.217197
2.029427 -1.801582 3.429655
-1.349929 -2.611098 5.366579
-0.543991 -0.762229 5.513953
0.469942 -3.424791 5.082027
-0.169952 -3.079870 2.271485
0.564712 -3.805530 4.234719
-0.928743 -3.993338 3.849065
-1.843354 -2.555691 4.869076
0.873386 -1.806973 2.202889
-0.908896 -2.936434 5.498370
1.847566 -2.053996 3.100535
1.316337 -1.132358 5.089695
-0.042140 -0.084255 3.672291
0.878562 -1.111191 5.413641
-1.582439 -3.423912 3.532847
