-1.067558 -0.201430 2.690963
0.248653 -0.958972 3.524343
0.594401 -0.037503 2.317288
-0.182189 0.395899 4.139613
-0.054495 0.947638 2.424652
0.976335 0.276745 3.323664
1.126952 0.227557 3.155797
0.879723 0.199709 2.804669
0.668359 0.481720 3.306637
-0.534475 -0.771763 3.440728
0.319196 0.234015 3.931393
-0.553577 -0.651901 2.423442
-0.417296 -0.762936 3.567098
-0.515727 0.366498 2.042940
-0.950370 0.115053 2.634852
0.149361 0.905609 2.639080
0.688119 -0.452671 3.268689
0.362452 1.001017 3.392076
0.448098 -0.758962 2.765383
-0.365596 -0.898263 2.887398
0.437077 -0.228508 2.217391
0.533770 -0.552551 3.799425
0.406531 0.178709 1.901238
-0.003387 0.883768 3.616565
-0.188181 -0.896761 2.184915
-0.172197 -0.433037 2.043953
-0.801628 0.509691 2.855071
0.670523 -0.025115 3.654188
0.396678 -0.320221 2.201748
-0.254879 0.767532 3.294998
0.404438 -0.595877 3.841543
-0.099885 -0.712832 2.287311
0.272078 -0.462754 2.063418
0.722097 0.717040 3.030942
0.237017 0.606693 3.651756
-0.760898 0.682517 3.179127
0.553132 -0.941601 2.943163
-0.854332 -0.053688 2.249933
-0.049766 0.706940 2.339897
-0.885523 0.106556 3.480658
-0.686137 0.314126 3.372637
0.489269 0.646696 2.669616
0.411698 -1.171710 3.058266
-0.355331 0.835617 2.749808
0.428631 -0.843140 2.757474
-0.493465 0.464830 2.281320
0.141237 0.924698 3.134281
-0.181309 0.120050 3.794744
-0.315426 -0.852979 3.277037
0.316381 1.061596 2.717682
-0.109504 -0.569566 3.785869
0.380640 0.766087 2.646062
0.014657 -1.003045 3.020223
-0.045428 0.519095 2.215144
1.087992 -0.076041 3.062872
-0.033774 1.176879 3.128529
1.009953 -0.114969 2.611720
-0.496993 0.723415 2.454170
0.610880 0.816156 3.114110
0.566660 0.737199 2.428182
0.354086 -0.282608 3.769312
-0.791340 0.353670 2.365408
0.278586 0.287867 3.892730
0.446234 -0.656660 3.028661
0.804763 -0.705980 3.478697
-0.298353 0.304293 2.244826
-0.164375 -0.976018 2.573979
1.056729 0.020564 2.747320
0.677755 -0.501170 2.453096
0.315847 -0.037636 3.882833
-0.527405 0.819666 3.450007
-0.868366 -0.599836 2.519376
-0.356990 -1.088809 2.756343
-0.233626 -0.100245 1.955509
0.232384 1.057662 3.118394
0.850296 -0.008170 3.141054
-0.593946 0.365653 3.706511
-0.502200 0.438474 3.576549
0.437838 -0.819595 3.376314
-0.322955 -0.392967 2.296962
0.829127 -0.224778 3.429642
0.101229 0.063024 1.818529
-0.914722 -0.179206 2.859797
-1.053542 0.173298 2.811472
-0.682061 -0.168944 3.613628
-0.538290 1.065924 3.082886
-0.663926 0.868535 3.106415
-0.313399 0.231082 3.956946
-0.575813 -0.845329 3.082350
0.098813 0.875326 2.449602
0.104460 0.254372 2.082966
0.186760 0.884361 2.774861
0.269347 0.749247 2.191379
-0.507538 0.101487 3.954028
-0.930460 0.328546 2.934518
-0.054665 -0.123242 2.008056
-0.857606 0.132081 2.934793
0.857010 0.244444 2.487749
0.679159 0.368639 2.720479
0.606715 0.745138 3.370099
0.147910 2.041946 5.954858
-1.640401 -1.144664 5.919790
1.810000 0.647986 6.378179
-1.093245 0.103233 7.675404
-2.004294 0.363801 6.158733
-0.832101 0.321047 7.688323
-1.033343 -1.001625 7.154236
0.963734 -0.840009 4.454137
1.340703 0.556256 7.527131
0.698973 0.175910 7.904358
-0.450247 1.226317 7.542118
-1.915092 -0.556002 6.305513
0.503607 -0.557807 7.749781
0.969949 -0.437239 7.721949
-1.582431 -0.858027 6.141221
-0.966804 -0.133933 4.300410
-1.850174 -0.873611 5.879655
-1.766662 0.519897 5.346823
1.327509 0.995534 7.155328
1.661862 0.614701 6.880394
-0.445624 -0.221500 4.174442
0.645228 -0.427522 3.998587
0.531513 -0.498093 4.209593
0.533829 0.175705 7.810012
0.159537 -0.745467 4.206148
-1.189528 1.389711 6.753797
-1.754305 0.183956 6.681063
1.137215 1.317456 5.051815
1.073074 0.867776 4.627513
1.763143 -0.429085 6.478662
-1.491787 0.974746 6.885682
-1.059631 -1.589110 6.297826
-1.645916 0.276488 7.464926
1.177990 1.440690 6.721530
0.849721 -1.230609 7.152449
-1.777468 -0.852142 5.947952
1.245897 -0.669048 7.558136
-0.251499 1.136974 7.688393
1.298683 -1.511377 5.384635
-0.217768 0.858058 4.150256
-1.678273 0.297954 6.655650
1.887556 -0.674544 5.218204
-1.391317 -0.258652 7.315858
-1.219970 -1.519894 5.978958
0.902511 1.874336 5.925443
0.083235 -1.474035 7.530065
1.688190 1.357478 6.443383
0.906186 1.216278 4.746183
0.659879 0.785431 7.737736
1.561630 1.305503 5.040255
-1.957619 0.353849 6.078278
0.759314 0.430998 7.822051
-0.276112 -0.850648 4.078479
0.504456 1.937151 5.401058
-0.726968 1.677822 5.250453
-0.434708 1.251272 4.511443
1.739254 -0.745198 5.471216
-1.081960 -1.488443 6.807728
-1.455239 -1.268357 5.475928
1.332845 -0.919801 4.839746
0.514170 -0.132471 4.075342
-1.388949 -1.420114 6.617377
-0.076094 1.547480 7.553458
-2.087215 -0.054214 5.931307
-1.592069 -0.724300 5.042839
1.418785 1.323025 5.501989
-0.238480 -1.734819 4.936458
-0.693989 0.209650 7.826569
0.655137 1.493437 6.978869
-0.575404 -0.613290 4.226282
-0.979671 1.602961 6.289903
0.169990 2.041342 6.528651
-0.773825 -0.731428 4.139700
-0.312829 -1.359795 4.835647
-0.330377 -0.934618 4.226884
-0.421635 1.837973 5.240000
-1.695054 0.592528 6.199439
-1.814370 -0.253243 5.646735
-0.434805 -1.486268 7.006136
-1.246787 1.157143 6.743520
1.559563 1.354112 5.657270
0.528116 -2.255921 5.700731
-1.637717 -0.788262 6.080930
1.202194 1.365268 4.774498
1.463998 1.076299 5.804763
1.930374 -0.532674 6.053592
-1.282636 1.046808 6.512611
-0.485740 1.592049 4.884131
0.267182 1.222096 7.456803
-0.239608 -1.628817 7.052811
0.581469 0.212335 7.868742
-1.170058 -0.211141 7.790687
-1.775744 0.750134 6.201424
0.896599 -1.791101 5.710851
-0.939083 1.225726 7.071796
1.735146 -0.905137 6.139755
1.228938 1.225343 5.206308
0.146101 -0.578460 3.985288
1.055136 1.342110 4.837483
-1.424853 -0.441488 7.192454
